2.636915537614559213e-01 -8.646213174795723821e-01 -2.718926846470932079e-01 -1.826318203307268462e+01 -1.404448866072877067e+01 4.032872187864331437e+01
2.657096152712744574e-01 -8.665210247686392364e-01 -2.721086873226973291e-01 -1.816586939689515035e+01 -1.405122304581194825e+01 4.041572493305925917e+01
2.614483484373132383e-01 -8.676256346060429170e-01 -2.683690861114201298e-01 -1.805739454398635502e+01 -1.412584839626705069e+01 4.037655168302886466e+01
2.623012335297620901e-01 -8.678364020034465831e-01 -2.649150830306545301e-01 -1.796590349278447718e+01 -1.404197536184193851e+01 4.051023100421809886e+01
2.607137830616103047e-01 -8.669374043330262403e-01 -2.640899197809929433e-01 -1.795201266576903620e+01 -1.390313529065709908e+01 4.053717035577392380e+01
2.585176865166957105e-01 -8.643923214365738517e-01 -2.652037008701099152e-01 -1.786387242089868366e+01 -1.382521364720010304e+01 4.078116106436703348e+01
2.586825321448106840e-01 -8.649129540459392640e-01 -2.652300142920775428e-01 -1.782373817967083340e+01 -1.375565929825986089e+01 4.071556858863367268e+01
2.556545989894831172e-01 -8.630096261552365755e-01 -2.651369397630747859e-01 -1.772722857660995288e+01 -1.371196142874360646e+01 4.090808553478682086e+01
2.553221952802334771e-01 -8.596716684516073625e-01 -2.662306904081144787e-01 -1.765456291246225007e+01 -1.360999324401746158e+01 4.095411631975855471e+01
2.547201341561602939e-01 -8.622630461598120855e-01 -2.630948599748484940e-01 -1.744128333400890085e+01 -1.372352836331395842e+01 4.095688145973785765e+01
2.588612434981403254e-01 -8.568561353223198562e-01 -2.643770096474838405e-01 -1.726871030878108471e+01 -1.384628721494745740e+01 4.096420016897214822e+01
2.589982256907213398e-01 -8.592793348538370068e-01 -2.607615885399949818e-01 -1.716110875359134980e+01 -1.390825431968782233e+01 4.093877960254896209e+01
2.613199101693109982e-01 -8.567924583684363160e-01 -2.625602293192876302e-01 -1.704377707882019877e+01 -1.394257659321552545e+01 4.097866492822482343e+01
2.599814124814872618e-01 -8.556304676272724619e-01 -2.611835211481514096e-01 -1.695764676194633580e+01 -1.397548911457834642e+01 4.097504469512094971e+01
2.538790323088842560e-01 -8.574409984614460578e-01 -2.592918581540298861e-01 -1.696620475133401840e+01 -1.394104945157024922e+01 4.090300928830689031e+01
2.525961729100820730e-01 -8.542838368404150895e-01 -2.597103729250335724e-01 -1.692699723968775771e+01 -1.381495013099037017e+01 4.095106814572939413e+01
2.539448136927632271e-01 -8.574248644420990884e-01 -2.590234194539995372e-01 -1.685505508488069992e+01 -1.360351305700679525e+01 4.103882772234771181e+01
2.462282036196362378e-01 -8.575872872093952548e-01 -2.544540567520568453e-01 -1.674880815590152139e+01 -1.343602885039417671e+01 4.115264535215176522e+01
2.491347766896305771e-01 -8.583007733000836970e-01 -2.537925706221701994e-01 -1.652189228556207823e+01 -1.329066462337554633e+01 4.118686224531202811e+01
2.451958207613614271e-01 -8.566036775973648876e-01 -2.539422358809890201e-01 -1.652250359970302185e+01 -1.305533706352343337e+01 4.123367315170721525e+01
2.431384057245540020e-01 -8.588159836708058048e-01 -2.513746900047268973e-01 -1.635414398343244713e+01 -1.301114863660565568e+01 4.118197127404025082e+01
2.442888289377358746e-01 -8.571700892527079896e-01 -2.515014615204566595e-01 -1.625157265752829616e+01 -1.282761749764240378e+01 4.121402199886468054e+01
2.401472129360405494e-01 -8.533816903939881460e-01 -2.525045597955840604e-01 -1.622959886367566895e+01 -1.263042829887178087e+01 4.134242352422267430e+01
2.308978733322752941e-01 -8.581724479568750841e-01 -2.487624411777964450e-01 -1.613519142209496238e+01 -1.236445810901486908e+01 4.143212046328214626e+01
2.298882104715944397e-01 -8.662541786899949914e-01 -2.492491175362367417e-01 -1.608495269144299655e+01 -1.217769553980802577e+01 4.132325239348667623e+01
2.286721783417734744e-01 -8.678447643070844597e-01 -2.541036030887044994e-01 -1.611796227999554176e+01 -1.189057606402572453e+01 4.128775974753236255e+01
2.204635314331496732e-01 -8.666964422427619885e-01 -2.566185846134045323e-01 -1.620041039760522139e+01 -1.154137826610651807e+01 4.136839343192205121e+01
2.220674871981801191e-01 -8.701082596210963915e-01 -2.577985327255331027e-01 -1.612952612487747572e+01 -1.128994108767788163e+01 4.118740251996982948e+01
2.182633583578363068e-01 -8.749694581678398864e-01 -2.561601454029092118e-01 -1.602486407440431293e+01 -1.110671984078473962e+01 4.115029442129198145e+01
2.103730349471546468e-01 -8.748371051495453798e-01 -2.582798262813585377e-01 -1.622241759767500469e+01 -1.097125373288573513e+01 4.100756966729235842e+01
2.190644174189959881e-01 -8.802930750505104651e-01 -2.626058220297886603e-01 -1.638600412193865097e+01 -1.083125190239456082e+01 4.077972991670321790e+01
2.116202355737281660e-01 -8.887292971274814990e-01 -2.614256475305010152e-01 -1.659398039114637413e+01 -1.078115505089659543e+01 4.063676219423856395e+01
2.173528083324928750e-01 -8.936578406014401565e-01 -2.611132931823918479e-01 -1.678402414719723623e+01 -1.065639060873724375e+01 4.051691586524550814e+01
2.126602079921109667e-01 -8.967582725434510849e-01 -2.606958750584965623e-01 -1.714318826969293497e+01 -1.061001199381203897e+01 4.035460117924107948e+01
2.171011196509496921e-01 -9.044344818399818742e-01 -2.583867588879251165e-01 -1.737692299162823772e+01 -1.061293377627220913e+01 4.028063599760758251e+01
2.147632589204306608e-01 -9.125337492427794128e-01 -2.573748582559924891e-01 -1.781709932529565776e+01 -1.074755639523377226e+01 4.023528063831300017e+01
2.201106496694039405e-01 -9.181185460090069972e-01 -2.603740807537203161e-01 -1.820050485706801169e+01 -1.100363949026845134e+01 4.002458330837698952e+01
2.186713764498681156e-01 -9.255409791299810118e-01 -2.574108577798595032e-01 -1.849011329988878671e+01 -1.121836658347899629e+01 4.007951511987590010e+01
2.226370329327121422e-01 -9.322029149883616084e-01 -2.583928207535189370e-01 -1.880518432839883047e+01 -1.129963751118420312e+01 4.007231288890337595e+01
2.218684942271825500e-01 -9.332261205014557026e-01 -2.641085440847065757e-01 -1.911190506303628922e+01 -1.142376481271274180e+01 4.005630382545099621e+01
2.269762094900046046e-01 -9.406585279227447360e-01 -2.629509196516885972e-01 -1.917289273077722456e+01 -1.157293348377434405e+01 4.009569346925833599e+01
2.243023197862119289e-01 -9.424944524693011916e-01 -2.607173959542124497e-01 -1.933862393069520991e+01 -1.192391637964245454e+01 4.021798355658273749e+01
2.257514237263404944e-01 -9.447419366150083819e-01 -2.630940299424426310e-01 -1.944565080483911146e+01 -1.214676152716329938e+01 4.032365152835047439e+01
2.290180752297008016e-01 -9.421942552087008149e-01 -2.652413022916893515e-01 -1.948391330457539894e+01 -1.246717249564393448e+01 4.037313801631555066e+01
2.366119877395269355e-01 -9.467339958795839561e-01 -2.656756884856968370e-01 -1.942785177087032977e+01 -1.274893159617445271e+01 4.042311180228621481e+01
2.347244966642532682e-01 -9.463664060734370276e-01 -2.620568682155037243e-01 -1.931170899574370026e+01 -1.307369744104389397e+01 4.051363331347835128e+01
2.411648485074874004e-01 -9.468019568358307936e-01 -2.646491747278340578e-01 -1.918879828835470391e+01 -1.328316275286938186e+01 4.053223571091810840e+01
2.383860430213410320e-01 -9.466978233992815461e-01 -2.598144934127415984e-01 -1.902176176470921121e+01 -1.360614923127855924e+01 4.060835088072815324e+01
2.427673486862992613e-01 -9.455209804980508892e-01 -2.618476512878197271e-01 -1.875675183311666672e+01 -1.395309133638702903e+01 4.056032679679830011e+01
2.466379947271394590e-01 -9.388679765649272646e-01 -2.653279068077761815e-01 -1.857294796890683486e+01 -1.423819371116408306e+01 4.053946261421154418e+01
2.500643686019214940e-01 -9.400593835266582987e-01 -2.647435313666129941e-01 -1.819013310812472284e+01 -1.443784010238690563e+01 4.043675450423086914e+01
2.454494102334954797e-01 -9.351113861307910335e-01 -2.629299958730778042e-01 -1.775812245667022893e+01 -1.469506945258141251e+01 4.047536288541145666e+01
2.519155915639377796e-01 -9.311534617901245925e-01 -2.632056448933572379e-01 -1.740227303642262768e+01 -1.488271278264072883e+01 4.039694731111060122e+01
2.564125837101287053e-01 -9.291338838777283282e-01 -2.619296409630316180e-01 -1.700744971078740164e+01 -1.529352188680677038e+01 4.008759312622078852e+01
2.635380036960044414e-01 -9.300795379128985463e-01 -2.611057958479084395e-01 -1.661185587323509338e+01 -1.581611177545400793e+01 3.981028774113081425e+01
2.728388710082024216e-01 -9.223466005319669314e-01 -2.634294712122786652e-01 -1.624854851622783514e+01 -1.619260010738521416e+01 3.951856703077785937e+01
2.752659727589549243e-01 -9.181581953499752258e-01 -2.622895023620672728e-01 -1.583106854429363075e+01 -1.659172663128181924e+01 3.927499424235451642e+01
2.769419668115966626e-01 -9.148053460130443071e-01 -2.622618266713075963e-01 -1.539469081073486301e+01 -1.681826652990190851e+01 3.904522090944437451e+01
2.797998942054590876e-01 -9.094886236757144804e-01 -2.651095683725612218e-01 -1.497017038011451717e+01 -1.695887446635087414e+01 3.881737348670719001e+01
2.827920993054739984e-01 -9.087285478219555568e-01 -2.636002193720298759e-01 -1.456598830527786959e+01 -1.716681780700409021e+01 3.852883971080434122e+01
2.805018820530825741e-01 -9.049369578880438469e-01 -2.660324792408859107e-01 -1.421880166876867158e+01 -1.736905800090469754e+01 3.835447729435584563e+01
2.885422123201171196e-01 -9.024387788137602229e-01 -2.696814157892240549e-01 -1.381864986493397218e+01 -1.745425472017567614e+01 3.802422030035190659e+01
2.889225360290376687e-01 -8.997195962114521439e-01 -2.710920045807911904e-01 -1.347815725635204132e+01 -1.756458033721098033e+01 3.773669025593348891e+01
2.896439035394307582e-01 -8.966296471069254981e-01 -2.684375945239947936e-01 -1.297872123992934590e+01 -1.760807559100546626e+01 3.749684147886943464e+01
2.870724670001264522e-01 -8.947613639220178827e-01 -2.662088120961176307e-01 -1.258299454235022630e+01 -1.756939653625277842e+01 3.739993407499746780e+01
2.867745698239749230e-01 -8.921070461118232320e-01 -2.663492400688832196e-01 -1.235163911364699629e+01 -1.732573351279278384e+01 3.730782449694476099e+01
2.838772209796875390e-01 -8.916563507591747095e-01 -2.665519338938003302e-01 -1.217302254664006966e+01 -1.712051539427729452e+01 3.712665500160464660e+01
2.791092193632267460e-01 -8.954762616849356593e-01 -2.621844020049108326e-01 -1.197336190954043644e+01 -1.684419337760303748e+01 3.714771539786370624e+01
2.800014926272799687e-01 -8.921479730715616840e-01 -2.647716490593238770e-01 -1.201862664069857622e+01 -1.650164247669123796e+01 3.702518664111552482e+01
2.745412810155835603e-01 -8.995313809174375619e-01 -2.617018260540410202e-01 -1.192270015478035461e+01 -1.616752107070140099e+01 3.697797984095092261e+01
2.720480618927949013e-01 -8.956856889549548173e-01 -2.610079467388318197e-01 -1.197720078402291932e+01 -1.586459765408684497e+01 3.694908228261500227e+01
2.662237839329009148e-01 -9.040703371451980219e-01 -2.610343817770184316e-01 -1.220192117844567825e+01 -1.548160492450676529e+01 3.686723846858298970e+01
2.602314581436658836e-01 -9.059394672906279089e-01 -2.603849888607984719e-01 -1.237646463212136005e+01 -1.492225520704916342e+01 3.685141514705028243e+01
2.558071374267820719e-01 -9.102257977201209105e-01 -2.611351292116412259e-01 -1.262669651181044905e+01 -1.443421224824513160e+01 3.684715247099990165e+01
2.527236318307377605e-01 -9.156997880382297117e-01 -2.622707980777948533e-01 -1.287694455312211694e+01 -1.383495976151686158e+01 3.688585010785212148e+01
2.408141169581385910e-01 -9.219327994188214470e-01 -2.565419593992061542e-01 -1.331587126781302466e+01 -1.322017134418754480e+01 3.700912497619715680e+01
2.352847914096991011e-01 -9.274628135993061573e-01 -2.617806228764287257e-01 -1.378140389249847964e+01 -1.254372253565861683e+01 3.714753572773045676e+01
2.276034127429895082e-01 -9.320953903428008669e-01 -2.606376392209497905e-01 -1.434504293736386238e+01 -1.192941163168555541e+01 3.733410810532298285e+01
2.170530159314312535e-01 -9.412522903092885862e-01 -2.601866845224247715e-01 -1.503013901637543093e+01 -1.148966446728143609e+01 3.738936820032026276e+01
2.107834226011740253e-01 -9.498615964764107744e-01 -2.629592591112677180e-01 -1.576162144093744466e+01 -1.090650700009429208e+01 3.753186316442825188e+01
2.049618460370611073e-01 -9.562305973014054716e-01 -2.600565535253036575e-01 -1.638296681653964271e+01 -1.068648661437893566e+01 3.765033655648520750e+01
2.017936699917770860e-01 -9.693259965637683884e-01 -2.599952377739926379e-01 -1.706008840957896666e+01 -1.026614767636081460e+01 3.773643885167491163e+01
2.019354917800301463e-01 -9.765300656404661828e-01 -2.613867643721751177e-01 -1.758860855845620108e+01 -1.011285404621431638e+01 3.774160771679407844e+01
2.007147652125385318e-01 -9.880050897879366634e-01 -2.572691441330817730e-01 -1.808270714486841868e+01 -1.007785582990142892e+01 3.796853376275241487e+01
1.968959195403676699e-01 -9.919371906972254127e-01 -2.599679945012113302e-01 -1.860987159323424223e+01 -1.009044595223408791e+01 3.801952947468562627e+01
2.002734900055564149e-01 -9.962318666835341396e-01 -2.570038738477949947e-01 -1.888898787983828242e+01 -1.019654346062411321e+01 3.814676455995878968e+01
2.055015811310505480e-01 -1.000680061032147794e+00 -2.549798558832509499e-01 -1.906099068533813323e+01 -1.037642544310396531e+01 3.826926000374318448e+01
2.057778472832103023e-01 -1.003063360923602376e+00 -2.542249038311022447e-01 -1.919748138995765530e+01 -1.068010197174019282e+01 3.839861857439395720e+01
2.084283936621373623e-01 -1.003275963523070802e+00 -2.525598214714696033e-01 -1.940163359652236608e+01 -1.109192525607638657e+01 3.851357083529191527e+01
2.189200500274038341e-01 -1.007326778755729402e+00 -2.518764067857978683e-01 -1.924675335334476856e+01 -1.141088243371870981e+01 3.857058812655714064e+01
2.179494450491064328e-01 -1.001945281546898325e+00 -2.511319697105853788e-01 -1.919599179992490434e+01 -1.190503480105864575e+01 3.874554163991758315e+01
2.214914390261200905e-01 -9.963878265895502739e-01 -2.528533263497489414e-01 -1.906022896121982768e+01 -1.219904329480602634e+01 3.894696417426236934e+01
2.290637457541426503e-01 -9.923325758594162549e-01 -2.510893034344941488e-01 -1.872817704248572923e+01 -1.269213033073999419e+01 3.903504746807411152e+01
2.310148417947104071e-01 -9.915127522382239933e-01 -2.510483199360215023e-01 -1.842469641940193625e+01 -1.321756085974102035e+01 3.909896077041624096e+01
2.347995659733309037e-01 -9.876753131298343646e-01 -2.535215888845948062e-01 -1.814150951897791586e+01 -1.360368867829959427e+01 3.906851634709830279e+01
2.395485044855991397e-01 -9.855355587311560583e-01 -2.546765356816184656e-01 -1.767046587194965923e+01 -1.405141361676087897e+01 3.906498473180560893e+01
2.352257695663028114e-01 -9.786761164470949570e-01 -2.543078264671320143e-01 -1.719569244272540232e+01 -1.423771294909357010e+01 3.914174301925922350e+01
2.431200599295933462e-01 -9.672877384358247177e-01 -2.587990338879356811e-01 -1.664669876849668029e+01 -1.448540325305190279e+01 3.907629367311509583e+01
2.422985606876828235e-01 -9.593447185982033609e-01 -2.616441680727494834e-01 -1.612907987857452596e+01 -1.497567418161680308e+01 3.899204683045049791e+01
2.464570980747559092e-01 -9.536240999906395732e-01 -2.633654985766253898e-01 -1.560508781237873777e+01 -1.540345487011324010e+01 3.871029826581694522e+01
2.551370684003568812e-01 -9.428145378722008196e-01 -2.703465982844251436e-01 -1.511219592314966143e+01 -1.582339570889222991e+01 3.843353912050901755e+01
2.587276090988800403e-01 -9.396347753218483589e-01 -2.728969081817739784e-01 -1.478484429881766360e+01 -1.603473243092060585e+01 3.822052008297831094e+01
2.554407565664347235e-01 -9.367824905916802836e-01 -2.721702365979499216e-01 -1.463829708837101862e+01 -1.603106104457185310e+01 3.802365333599233566e+01
2.549753908099616773e-01 -9.391797018644761907e-01 -2.748048323895156408e-01 -1.472592443766144932e+01 -1.607127092369544386e+01 3.779650359304158513e+01
2.529240375914989514e-01 -9.422611869614474500e-01 -2.781828037301625756e-01 -1.490858214766273981e+01 -1.585104445427304576e+01 3.751789971590529404e+01
2.542107164380104645e-01 -9.419965980398914418e-01 -2.840960442875847813e-01 -1.518446223637854864e+01 -1.585674497922553883e+01 3.699338624041459411e+01
2.588891774874462759e-01 -9.439173606125086380e-01 -2.903812003378381523e-01 -1.541555062242486507e+01 -1.584000763078155316e+01 3.638091751560050113e+01
2.628227380330020457e-01 -9.467217144002290086e-01 -2.984635967776969601e-01 -1.570754054048140880e+01 -1.592575320613552492e+01 3.557130082012003669e+01
2.667168313633758725e-01 -9.509196766896429454e-01 -3.061849238957715102e-01 -1.595216444065022543e+01 -1.579332276269366986e+01 3.487964743881146035e+01
2.683069582646047668e-01 -9.508462069278220685e-01 -3.110759576073876542e-01 -1.616261589215842065e+01 -1.571030788638232245e+01 3.430056492788137490e+01
2.687323017070661901e-01 -9.548048118830760878e-01 -3.193605520759748018e-01 -1.648500630185242954e+01 -1.551300311698002687e+01 3.374707945932856035e+01
2.666259566947648540e-01 -9.592035984308053820e-01 -3.187209048429704983e-01 -1.663864837168814503e+01 -1.530583530297950645e+01 3.344705132145087134e+01
2.641820976111051711e-01 -9.604321809915307151e-01 -3.229106706591058362e-01 -1.693330453313813067e+01 -1.513552739181488072e+01 3.335669447206368687e+01
2.595145955492840772e-01 -9.670374290792391747e-01 -3.216015161985794624e-01 -1.709025332753694926e+01 -1.492507521003489579e+01 3.346463430372938319e+01
2.511619509859104871e-01 -9.698144432344473209e-01 -3.139599678345701972e-01 -1.716643580506370981e+01 -1.470367914748683269e+01 3.381819846668577867e+01
2.470846936559290552e-01 -9.703480892823244108e-01 -3.107010013081810684e-01 -1.715754968362602639e+01 -1.457802550450701951e+01 3.425661840483950726e+01
2.458363839890979896e-01 -9.734480634770327212e-01 -3.029494719176953343e-01 -1.709660349272264668e+01 -1.451001089012895306e+01 3.483348086300250657e+01
2.387441134940885279e-01 -9.761492402658511480e-01 -2.933518725456903398e-01 -1.694377541120366359e+01 -1.442425048851521829e+01 3.566850788566135577e+01
2.342992427813036238e-01 -9.774985492327832315e-01 -2.848532734855686588e-01 -1.700191794206954299e+01 -1.427962333554788721e+01 3.659784103938756772e+01
2.253325521355531713e-01 -9.792894562714816731e-01 -2.837088874419836926e-01 -1.721256020049285240e+01 -1.387630820950892563e+01 3.763342338600491388e+01
2.113278590208660102e-01 -9.817141753446584351e-01 -2.718296556642891271e-01 -1.699358392514433191e+01 -1.350209054646694540e+01 3.881675778099270957e+01
2.035191801013292168e-01 -9.810273185235816040e-01 -2.581550663753422459e-01 -1.688996773208928559e+01 -1.341784553250835899e+01 3.974177486802637560e+01
2.044034612153742547e-01 -9.826238323359810511e-01 -2.568829041824256532e-01 -1.705280464852857136e+01 -1.318944425718298774e+01 4.079741236711041097e+01
1.958067668538150674e-01 -9.886284088969814476e-01 -2.530417649057683516e-01 -1.712384258562932970e+01 -1.317433436560596505e+01 4.138803255008298976e+01
1.957179174827871904e-01 -9.841763385164682409e-01 -2.509945642793895426e-01 -1.722983100087772357e+01 -1.314806080682892109e+01 4.199502684715521639e+01
1.929934790489603591e-01 -9.868606579811578516e-01 -2.485782884271784121e-01 -1.725773040106861700e+01 -1.306316322450125078e+01 4.225149080392081657e+01
1.909968664050816778e-01 -9.911479953828667977e-01 -2.520009359260468873e-01 -1.746499349099319787e+01 -1.307102525017572781e+01 4.204715993472586177e+01
1.917061855018272476e-01 -9.931213265554249547e-01 -2.560850337920397846e-01 -1.767108710715179498e+01 -1.316165309728898691e+01 4.154001173592512686e+01
2.009855447979518872e-01 -9.978904020713628142e-01 -2.618594974309204071e-01 -1.783606317567958399e+01 -1.362879663535778541e+01 4.060999400819863325e+01
2.045607313941341099e-01 -1.001120575880968033e+00 -2.723889829567758825e-01 -1.818868314259080776e+01 -1.381709969444461095e+01 3.960316953961091713e+01
2.065278765005839900e-01 -1.005377656432628442e+00 -2.841005609422466160e-01 -1.858091805667748631e+01 -1.402450299073102080e+01 3.820268401051414031e+01
2.119959508250665037e-01 -1.008034869523555033e+00 -2.925193373422587673e-01 -1.873030982166102376e+01 -1.411544187119776517e+01 3.702037154752119363e+01
2.204973776122683693e-01 -1.007437721581206258e+00 -3.128381098612870725e-01 -1.906774967034100854e+01 -1.427853439871828201e+01 3.561588082781602083e+01
2.318020364240059028e-01 -1.009799859335927641e+00 -3.335632337964593019e-01 -1.980688467073812475e+01 -1.438097983932716240e+01 3.301598823193556598e+01
2.423830544121614861e-01 -1.020641193906656863e+00 -3.470565346607208945e-01 -2.007434869545107503e+01 -1.445944132386127734e+01 3.183299590699139259e+01
2.368278712958903076e-01 -1.022883645204917702e+00 -3.445635447667678708e-01 -2.045648966216780806e+01 -1.429405905626773787e+01 3.133695077143863372e+01
2.359166983397328332e-01 -1.028229744741124163e+00 -3.467669810274546238e-01 -2.080884222478726997e+01 -1.397472511243403659e+01 3.107347590911035695e+01
2.309785365063500295e-01 -1.035471748305352158e+00 -3.384293743978328828e-01 -2.100247180695079052e+01 -1.379268874274534973e+01 3.111645493935811047e+01
2.278196481091113446e-01 -1.041860927228027256e+00 -3.339302881599179873e-01 -2.134851611214265077e+01 -1.367129825170539981e+01 3.139275805775763217e+01
2.241457838908628430e-01 -1.045234953491635865e+00 -3.272586269656792557e-01 -2.156962142252437786e+01 -1.365243714342988213e+01 3.185688809619538020e+01
2.276173996465743476e-01 -1.051335681050016069e+00 -3.244003044713584805e-01 -2.163993223810289379e+01 -1.376395911045342046e+01 3.228646418388888861e+01
2.273562977704665644e-01 -1.055463259509887397e+00 -3.167877333432500553e-01 -2.161191607795405645e+01 -1.396367331989597282e+01 3.301610885147206886e+01
2.199450736984374932e-01 -1.052943599735624236e+00 -3.132742745736891155e-01 -2.168780996000864647e+01 -1.415937934359713246e+01 3.382887134453704903e+01
2.230489183029637223e-01 -1.053047814320060560e+00 -3.079590116718206594e-01 -2.152923596059697076e+01 -1.438154941019761601e+01 3.459317394431873538e+01
2.246005398109725271e-01 -1.051900629980487611e+00 -3.029988154378268073e-01 -2.137847487061715768e+01 -1.466131357144129588e+01 3.550128242477529028e+01
2.202017468383270504e-01 -1.047801769247799442e+00 -3.031397118625687725e-01 -2.141393374687855200e+01 -1.462631146220278744e+01 3.668249317064797310e+01
2.135078637291644155e-01 -1.045558255542363923e+00 -3.002470085302357261e-01 -2.124321016225065151e+01 -1.450097541380194244e+01 3.771803464335502554e+01
2.119337499317247298e-01 -1.036832406735262779e+00 -2.990901837729390000e-01 -2.078738268237820819e+01 -1.469327395636791778e+01 3.862324431321953710e+01
2.120173781613037267e-01 -1.027745972298842236e+00 -2.921982297394716821e-01 -2.012699331282662030e+01 -1.503905796678282947e+01 3.937754565901035164e+01
2.116359615444286524e-01 -1.019833447976760787e+00 -2.907405729343309764e-01 -1.978273325129191917e+01 -1.531939489971085244e+01 3.987981511842334470e+01
2.081534007044548995e-01 -1.011599172038970318e+00 -2.959811813038190076e-01 -1.935350307582011098e+01 -1.540207717052420477e+01 4.008161566527540032e+01
2.078446141349303833e-01 -1.006938846426653988e+00 -2.893088896248174335e-01 -1.875871555528439316e+01 -1.538497441536233978e+01 4.007643753328584069e+01
2.052866568890278076e-01 -9.963743697249087816e-01 -2.912064567178269114e-01 -1.831371404029659189e+01 -1.539974249616113156e+01 3.997041201476992711e+01
2.117049742173866267e-01 -9.887172510775878997e-01 -2.950947781355929278e-01 -1.787397932001833922e+01 -1.551525918225501322e+01 3.952517818415866913e+01
2.170212086788099182e-01 -9.799857484353179382e-01 -2.907429363678628031e-01 -1.740366863552664967e+01 -1.578814391186997668e+01 3.880636627761576563e+01
2.241410508908972254e-01 -9.758274566253858362e-01 -2.892239127251411968e-01 -1.702006594178482146e+01 -1.610006952390851254e+01 3.802208143950445418e+01
2.241374893083992736e-01 -9.703130952533474129e-01 -2.898564579073010239e-01 -1.681421311796664853e+01 -1.586826930696496696e+01 3.740114763702106870e+01
2.223633489882773373e-01 -9.667671770007880694e-01 -2.958373089226388197e-01 -1.674776625740003055e+01 -1.556914867180900863e+01 3.680141921999150156e+01
2.181190386484910260e-01 -9.664723193699576997e-01 -3.037196813798465067e-01 -1.698935677505789954e+01 -1.482029061086161370e+01 3.638997479212959263e+01
2.054652315636519566e-01 -9.658360211527450279e-01 -3.022293341797075428e-01 -1.737381977482268169e+01 -1.413043180986220904e+01 3.623316842041828778e+01
1.978766372657041195e-01 -9.668547228207399202e-01 -3.042385562678265876e-01 -1.800265035620108733e+01 -1.345804654026607672e+01 3.610662354743363522e+01
1.953610005525316662e-01 -9.698081592898840642e-01 -3.060778558212102207e-01 -1.859637258104297075e+01 -1.284527504038469203e+01 3.603775318036679209e+01
1.930637998191167271e-01 -9.720100714702418765e-01 -3.031420340063083474e-01 -1.915690187932711552e+01 -1.238015669129692142e+01 3.605968299661846999e+01
1.906285876485877551e-01 -9.753120232055594307e-01 -2.957647806520108946e-01 -1.954080516875007234e+01 -1.205046883073858055e+01 3.621946377673300077e+01
1.936422301850208028e-01 -9.680532877562963989e-01 -2.973263430394174067e-01 -2.010446998152367115e+01 -1.180237561537256319e+01 3.643154352186032696e+01
1.911954593074394193e-01 -9.753838797656080306e-01 -2.882033915628539056e-01 -2.053160907038947869e+01 -1.150952543122937932e+01 3.682092503457545263e+01
1.876356088889714890e-01 -9.700568154601476589e-01 -2.850959667576746792e-01 -2.079834703192591405e+01 -1.146318667456933404e+01 3.722880182571953611e+01
1.870957665369733791e-01 -9.702883884224091648e-01 -2.767366779215552630e-01 -2.102760326540895974e+01 -1.141242027606219622e+01 3.764653789536858852e+01
1.824781737432069895e-01 -9.669912920049459348e-01 -2.792418205978094981e-01 -2.135408083554373704e+01 -1.098602381678128559e+01 3.831049571885623806e+01
1.772701064894799672e-01 -9.699458513684167116e-01 -2.731281107061884761e-01 -2.172893985707654352e+01 -1.075206363430224066e+01 3.883604450399371899e+01
1.772087011645612775e-01 -9.720303492865813855e-01 -2.686823325362845405e-01 -2.210733662745833783e+01 -1.066863713920594492e+01 3.940843180890387742e+01
1.739668513758070856e-01 -9.734306386650440901e-01 -2.662892119231160537e-01 -2.268740595978062302e+01 -1.037873290948471983e+01 3.995608525224015040e+01
1.653068523594745376e-01 -9.717957428209619275e-01 -2.635173234868221082e-01 -2.292968732775301532e+01 -1.012983800959022851e+01 4.071780184788558188e+01
1.618042862895512080e-01 -9.723659407001183919e-01 -2.579056877989492347e-01 -2.320997214171551448e+01 -9.894290568250589502e+00 4.138611123620575682e+01
1.641441338890376189e-01 -9.753958486279761253e-01 -2.552377584084070672e-01 -2.356728508965883861e+01 -1.005155692606851936e+01 4.177967728577832673e+01
1.595796725431997132e-01 -9.820523682677253507e-01 -2.568215800048959108e-01 -2.409993935913898966e+01 -9.889550828303725893e+00 4.221274660448396077e+01
1.519773075941506790e-01 -9.814195910529690536e-01 -2.511112405392204039e-01 -2.441757849434162253e+01 -9.794747038992525745e+00 4.280391093159215643e+01
1.586913147434004523e-01 -9.890186012270237859e-01 -2.496559407238633510e-01 -2.447023597944741269e+01 -9.885189770420282684e+00 4.323350452849265224e+01
1.578634006861433792e-01 -9.921380155706305271e-01 -2.467729526965153908e-01 -2.470026432867634369e+01 -9.966001129271210957e+00 4.358939581571823396e+01
1.474216994986094209e-01 -1.001379992435422972e+00 -2.409625857139551797e-01 -2.496977560010731167e+01 -9.892045015282260323e+00 4.403004316336033241e+01
1.526864630543501022e-01 -1.000956581790942712e+00 -2.361977207553941638e-01 -2.471936575096759725e+01 -1.025478405498470558e+01 4.436587411336759601e+01
1.633656925960420836e-01 -1.007238748916688298e+00 -2.373167570081116118e-01 -2.492594891388914036e+01 -1.067706384564910138e+01 4.443114431906287365e+01
1.636576398416978162e-01 -1.018494809193551509e+00 -2.371490152971112986e-01 -2.501285317860498836e+01 -1.092745574875143610e+01 4.469225235842952060e+01
1.687464208467429894e-01 -1.013336888826464666e+00 -2.443346130343919120e-01 -2.470276239887073189e+01 -1.136998963223487635e+01 4.479391595471899734e+01
1.740707630583511745e-01 -1.009515022531502826e+00 -2.433136824249515773e-01 -2.412141610616025389e+01 -1.186352736566627186e+01 4.499067658591272334e+01
1.746348946036712924e-01 -1.007278300906204072e+00 -2.417279014598074649e-01 -2.348244608924437671e+01 -1.231928904670768787e+01 4.499063265093165143e+01
1.797119455535005905e-01 -1.009188086014787267e+00 -2.483049023497341523e-01 -2.311669275467584939e+01 -1.257779211418977106e+01 4.466380162692114908e+01
1.805015021145038590e-01 -1.020958165742897439e+00 -2.474603779884073096e-01 -2.305258020589283774e+01 -1.307956647571258202e+01 4.414029845380048300e+01
1.929391909814141548e-01 -1.014200828729610482e+00 -2.592666427234366910e-01 -2.284015832125804124e+01 -1.384083223899979309e+01 4.366106566298647351e+01
2.028577768513453727e-01 -1.013315941121404107e+00 -2.648756651221453318e-01 -2.237357634260525430e+01 -1.453612362074916753e+01 4.306399213402003312e+01
2.051623482814863841e-01 -1.009571697219662667e+00 -2.615768725229130065e-01 -2.156506658110935604e+01 -1.501061278021703060e+01 4.249254825779361511e+01
2.128249249157353196e-01 -9.971221976852963076e-01 -2.676815542540186832e-01 -2.069751800570908884e+01 -1.542505227458090644e+01 4.203245697209494836e+01
2.179662027698589244e-01 -9.969177247638478789e-01 -2.718647182108086535e-01 -1.992168071459577661e+01 -1.575274831881685778e+01 4.139812712033209863e+01
2.122678481771803904e-01 -9.865113251608226275e-01 -2.727546786904198606e-01 -1.916350705942221211e+01 -1.596272397537982002e+01 4.116409352501491270e+01
2.280561047145586995e-01 -9.758286150802736314e-01 -2.760765843445521783e-01 -1.814622269561711931e+01 -1.643541960210517061e+01 4.065994554181323650e+01
2.279343770386705326e-01 -9.717683725936466788e-01 -2.776896809472912953e-01 -1.760028880509649341e+01 -1.659844161001779739e+01 4.001880381735821857e+01
2.312829891244018443e-01 -9.672791290991866742e-01 -2.745621545639211347e-01 -1.675712261355991473e+01 -1.684630593425971767e+01 3.959052150355009303e+01
2.349503558573928230e-01 -9.601558247923474010e-01 -2.749136038269978100e-01 -1.585052424430874041e+01 -1.700493713238277849e+01 3.913689137039750676e+01
2.311372926483641344e-01 -9.494679047368774771e-01 -2.819944423272299217e-01 -1.536030341140826927e+01 -1.669721429940186752e+01 3.879901433111029263e+01
2.224758043554735665e-01 -9.414521467938317123e-01 -2.808026262677404405e-01 -1.460541517242757692e+01 -1.622051425711076433e+01 3.875089536652666311e+01
2.110720498641404652e-01 -9.358161548250998329e-01 -2.794555040441907279e-01 -1.413221321577390555e+01 -1.563219916989751646e+01 3.878760771816735797e+01
2.031874886994533835e-01 -9.315182619282711407e-01 -2.850945957741997105e-01 -1.393410352197888180e+01 -1.495525336633839331e+01 3.854273170791976355e+01
1.959879673994003035e-01 -9.304397399779167355e-01 -2.870998001380878351e-01 -1.371377847173223863e+01 -1.423463484381569089e+01 3.842710273203859117e+01
1.866135140852490382e-01 -9.298354241985453683e-01 -2.824660082438220088e-01 -1.361465465614518955e+01 -1.347514637062218412e+01 3.838181842038341784e+01
1.815440886184246372e-01 -9.281200245939765781e-01 -2.803376260613796300e-01 -1.352359052920670024e+01 -1.268893176529220135e+01 3.825930637606577278e+01
1.728643812541585389e-01 -9.273102142962947880e-01 -2.839713192999810953e-01 -1.384378201192707358e+01 -1.181888059986034989e+01 3.815023991479501575e+01
1.598842796721868798e-01 -9.314198928629007224e-01 -2.806520529171761535e-01 -1.422789207000647238e+01 -1.086690563668113541e+01 3.826596370258902624e+01
1.511122562008963555e-01 -9.426452280039957499e-01 -2.809983524661363030e-01 -1.469178631029358506e+01 -9.916493538932963148e+00 3.823725523037082752e+01
